11
312.0 181.0 0.0 -16777216 -12388884 M 312.0 121.0 L 292.0 161.0 L 252.0 181.0 L 292.0 201.0 L 312.0 241.0 L 332.0 201.0 L 372.0 181.0 L 332.0 161.0 L 312.0 121.0 
262.0 125.0 -0.6650000000000004 -256 -65536 M 243.48822021484375 101.39249420166016 C 182.5223388671875 87.81995391845703 200.38441467285156 173.31576538085938 289.7676696777344 160.41127014160156 C 323.6156311035156 76.68425750732422 244.8461456298828 38.94888687133789 243.48822021484375 101.39249420166016 
367.0 128.0 0.8400000000000005 -65536 -256 M 389.3392333984375 107.97606658935547 C 398.8740539550781 46.24980163574219 314.7376403808594 69.69441223144531 333.4910583496094 158.0358428955078 C 419.2623291015625 186.30557250976562 451.737060546875 105.22550201416016 389.3392333984375 107.97606658935547 
259.0 231.0 -2.2399999999999993 -703800 -16776961 M 235.4703369140625 249.6106719970703 C 222.15440368652344 310.63311767578125 307.5743103027344 292.4120178222656 294.29412841796875 203.0836639404297 C 210.42567443847656 169.5880126953125 173.021728515625 248.51553344726562 235.4703369140625 249.6106719970703 
363.0 239.0 2.415 -16711936 -10665227 M 382.9297790527344 261.4231872558594 C 444.615478515625 271.2174987792969 421.5247497558594 186.98316955566406 333.1053771972656 205.3651123046875 C 304.4753112792969 291.0168151855469 385.4180603027344 323.83197021484375 382.9297790527344 261.4231872558594 
292.0 283.0 -3.150000000000003 -16711936 -16711936 M 316.3017578125 318.7969055175781 L 316.3017578125 318.7969055175781 L 327.9986572265625 282.6972351074219 L 303.9993896484375 282.89910888671875 L 315.69635009765625 246.79957580566406 L 280.10137939453125 295.1004943847656 L 304.1004943847656 294.89862060546875 L 292.30267333984375 318.9986877441406 L 316.3017578125 318.7969055175781 
320.0 355.0 -0.07 -4197054 -16711936 M 293.54083251953125 320.76678466796875 L 293.54083251953125 320.76678466796875 L 284.088134765625 357.5179443359375 L 308.0293884277344 355.8393249511719 L 298.57672119140625 392.5904541015625 L 331.13128662109375 342.1900634765625 L 307.1900634765625 343.86871337890625 L 317.4820556640625 319.088134765625 L 293.54083251953125 320.76678466796875 
215.0 334.0 0.14 -12396555 -8260286 M 186.5548095703125 249.20098876953125 C 128.41915893554688 317.75933837890625 159.20436096191406 443.2832946777344 291.42645263671875 364.9677734375 Q 172.6005096435547 348.22259521484375 186.5548095703125 249.20098876953125 
403.0 422.0 -1.1200000000000003 -16711936 -8260286 M 313.56463623046875 423.1494445800781 C 361.0595397949219 499.466064453125 489.98431396484375 508.54327392578125 455.85662841796875 358.70562744140625 Q 403.57464599609375 466.7176208496094 313.56463623046875 423.1494445800781 
318.0 508.0 -3.9550000000000063 -16777216 -8257536 M 392.5140686035156 516.5231323242188 L 305.3182678222656 434.08001708984375 L 222.87493896484375 521.27587890625 L 392.5140686035156 516.5231323242188 
285.0 398.0 -3.185000000000003 -14336 -16711936 M 310.53955078125 432.92462158203125 L 310.53955078125 432.92462158203125 L 320.96600341796875 396.4377136230469 L 296.988525390625 397.4792785644531 L 307.4150695800781 360.99249267578125 L 273.5321044921875 410.50946044921875 L 297.50946044921875 409.4678955078125 L 286.5622863769531 433.96600341796875 L 310.53955078125 432.92462158203125 
