31
533.0 503.0 0.7350000000000004 -16776961 -256 M 598.5389404296875 430.4981689453125 L 445.854248046875 490.0966796875 L 554.6068725585938 588.4051513671875 L 598.5389404296875 430.4981689453125 
323.0 182.0 0.0 -703800 -65536 M 323.0 139.7869873046875 C 267.2787780761719 71.82403564453125 212.8240509033203 182.0 323.0 245.31951904296875 C 433.1759338378906 182.0 378.7212219238281 71.82403564453125 323.0 139.7869873046875 
133.0 507.0 0.0 -703800 -10665227 M 133.0 422.1457824707031 L 104.71525573730469 478.71527099609375 L 48.14577865600586 507.0 L 104.71525573730469 535.2847900390625 L 133.0 591.8541870117188 L 161.28477478027344 535.2847900390625 L 217.85421752929688 507.0 L 161.28477478027344 478.71527099609375 L 133.0 422.1457824707031 
180.0 248.0 1.3999999999999997 -16711936 -12388884 M 186.07684326171875 149.0757598876953 C 97.84203338623047 195.2902374267578 77.22044372558594 337.01190185546875 245.60079956054688 311.60833740234375 Q 130.53785705566406 244.96157836914062 186.07684326171875 149.0757598876953 
575.0 76.0 2.7300000000000013 -14336 -256 M 592.3928833007812 -2.890716552734375 L 592.3928833007812 -2.890716552734375 L 528.410888671875 27.547622680664062 L 559.4703369140625 59.84931945800781 L 495.4881591796875 90.28753662109375 L 606.680419921875 76.62109375 L 575.62109375 44.31959533691406 L 623.452392578125 29.410751342773438 L 592.3928833007812 -2.890716552734375 
319.0 311.0 1.1200000000000003 -14336 -256 M 211.9832305908203 291.7699890136719 L 211.9832305908203 291.7699890136719 L 256.2945556640625 376.21319580078125 L 298.0983581542969 332.7378845214844 L 342.4096374511719 417.1807861328125 L 318.1639709472656 268.3605041503906 L 276.3605041503906 311.8360290527344 L 253.7868194580078 248.29449462890625 L 211.9832305908203 291.7699890136719 
192.0 179.0 0.0 -256 -12388884 M 192.0 -4.534965515136719 L 130.8216552734375 117.8216552734375 L 8.46502685546875 179.0 L 130.8216552734375 240.1783447265625 L 192.0 362.5349426269531 L 253.17832946777344 240.1783447265625 L 375.5349426269531 179.0 L 253.17832946777344 117.8216552734375 L 192.0 -4.534965515136719 
413.0 482.0 1.5399999999999994 -256 -65536 M 470.4898376464844 413.74560546875 L 409.41180419921875 440.08526611328125 L 344.7455749511719 424.5101013183594 L 371.08514404296875 485.588134765625 L 355.5101013183594 550.25439453125 L 416.58819580078125 523.914794921875 L 481.2544250488281 539.4899291992188 L 454.9148254394531 478.411865234375 L 470.4898376464844 413.74560546875 
477.0 252.0 1.3299999999999998 -14336 -16711936 M 530.3746337890625 -9.487686157226562 C 277.7403259277344 80.58393096923828 169.50245666503906 450.72137451171875 628.0167846679688 446.2548828125 Q 346.2563171386719 225.31275939941406 530.3746337890625 -9.487686157226562 
464.0 341.0 0.28 -12396555 -8257536 M 417.8135681152344 256.18389892578125 C 368.8889465332031 340.008544921875 425.2191162109375 467.6858825683594 551.0831298828125 359.5592041015625 Q 421.592041015625 364.0931091308594 417.8135681152344 256.18389892578125 
582.0 318.0 0.0 -16711936 -12388884 M 543.0108642578125 259.516357421875 L 543.0108642578125 259.516357421875 L 523.516357421875 318.0 L 562.5054321289062 318.0 L 543.0108642578125 376.483642578125 L 601.4945068359375 298.50543212890625 L 562.5054321289062 298.50543212890625 L 582.0 259.516357421875 L 543.0108642578125 259.516357421875 
132.0 388.0 0.0 -4197054 -65536 M 108.0 352.0 L 108.0 352.0 L 96.0 388.0 L 120.0 388.0 L 108.0 424.0 L 144.0 376.0 L 120.0 376.0 L 132.0 352.0 L 108.0 352.0 
276.0 495.0 1.3999999999999997 -14336 -256 M 284.6802062988281 417.820556640625 L 284.6802062988281 417.820556640625 L 226.5744171142578 453.3694152832031 L 259.5247802734375 481.1230773925781 L 201.41891479492188 516.6718139648438 L 306.35211181640625 492.401611328125 L 273.4015808105469 464.64788818359375 L 317.6306457519531 445.5743408203125 L 284.6802062988281 417.820556640625 
477.0 252.0 1.3299999999999998 -14336 -16711936 M 530.3746337890625 -9.487686157226562 C 277.7403259277344 80.58393096923828 169.50245666503906 450.72137451171875 628.0167846679688 446.2548828125 Q 346.2563171386719 225.31275939941406 530.3746337890625 -9.487686157226562 
185.0 434.0 0.0 -65536 -65536 M 185.0 328.1421813964844 C 45.26792526245117 157.7115478515625 -91.28857421875 434.0 185.0 592.7864990234375 C 461.28857421875 434.0 324.7322082519531 157.7115478515625 185.0 328.1421813964844 
289.0 104.0 1.679999999999999 -65536 -256 M 306.62054443359375 75.89474487304688 C 297.8907470703125 7.386077880859375 215.64529418945312 58.01025390625 262.5689392089844 146.15786743164062 C 362.35455322265625 149.98968505859375 372.08868408203125 53.9044189453125 306.62054443359375 75.89474487304688 
191.0 458.0 0.0 -14336 -256 M 145.94161987304688 390.41241455078125 L 145.94161987304688 390.41241455078125 L 123.41244506835938 458.0 L 168.47080993652344 458.0 L 145.94161987304688 525.5875244140625 L 213.52919006347656 435.4708251953125 L 168.47080993652344 435.4708251953125 L 191.0 390.41241455078125 L 145.94161987304688 390.41241455078125 
259.0 387.0 0.0 -14336 -256 M 235.0 351.0 L 235.0 351.0 L 223.0 387.0 L 247.0 387.0 L 235.0 423.0 L 271.0 375.0 L 247.0 375.0 L 259.0 351.0 L 235.0 351.0 
434.0 380.0 0.0 -16777216 -10665227 M 434.0 -682.5391845703125 L 79.82022094726562 25.82000732421875 L -628.5392456054688 380.0 L 79.82022094726562 734.1793823242188 L 434.0 1442.538818359375 L 788.1793823242188 734.1793823242188 L 1496.538818359375 380.0 L 788.1793823242188 25.82000732421875 L 434.0 -682.5391845703125 
74.0 -15.0 0.0 -16777216 -12388884 M 74.0 -550.0955200195312 L -104.36549377441406 -193.36553955078125 L -461.09564208984375 -15.0 L -104.36549377441406 163.36534118652344 L 74.0 520.0953369140625 L 252.365478515625 163.36534118652344 L 609.0953369140625 -15.0 L 252.365478515625 -193.36553955078125 L 74.0 -550.0955200195312 
506.0 409.0 0.0 -16777216 -12388884 M 506.0 364.0 L 491.0 394.0 L 461.0 409.0 L 491.0 424.0 L 506.0 454.0 L 521.0 424.0 L 551.0 409.0 L 521.0 394.0 L 506.0 364.0 
493.0 449.0 0.0 -16777216 -12388884 M 493.0 404.0 L 478.0 434.0 L 448.0 449.0 L 478.0 464.0 L 493.0 494.0 L 508.0 464.0 L 538.0 449.0 L 508.0 434.0 L 493.0 404.0 
329.0 306.0 0.0 -65536 -65536 M 329.0 218.24200439453125 C 213.15966796875 76.95205688476562 99.95208740234375 306.0 329.0 437.6368408203125 C 558.0479125976562 306.0 444.84033203125 76.95205688476562 329.0 218.24200439453125 
271.0 149.0 -3.150000000000003 -14336 -256 M 349.375732421875 264.4488220214844 L 349.375732421875 264.4488220214844 L 387.0995788574219 148.02383422851562 L 309.7000427246094 148.6746368408203 L 347.42352294921875 32.24984359741211 L 232.62542724609375 188.0252227783203 L 310.0252685546875 187.37449645996094 L 271.9760437011719 265.0994873046875 L 349.375732421875 264.4488220214844 
494.0 456.0 0.7700000000000005 -16777216 -16711936 M 491.7539978027344 310.1541442871094 L 639.8458862304688 453.7539978027344 L 496.24603271484375 601.8458251953125 L 348.15423583984375 458.2459411621094 L 491.7539978027344 310.1541442871094 
493.0 449.0 0.0 -16777216 -12388884 M 493.0 404.0 L 478.0 434.0 L 448.0 449.0 L 478.0 464.0 L 493.0 494.0 L 508.0 464.0 L 538.0 449.0 L 508.0 434.0 L 493.0 404.0 
295.0 513.0 0.0 -16776961 -12388884 M 241.12432861328125 405.2486267089844 C 176.47348022460938 507.6124267578125 241.12432861328125 669.239501953125 402.7513427734375 539.9378662109375 Q 241.12432861328125 539.9378662109375 241.12432861328125 405.2486267089844 
126.0 146.0 0.0 -12396555 -16711936 M 126.0 73.06964111328125 L 71.30218505859375 182.46517944335938 L 180.69781494140625 182.46517944335938 L 126.0 73.06964111328125 
329.0 306.0 0.0 -65536 -65536 M 329.0 218.24200439453125 C 213.15966796875 76.95205688476562 99.95208740234375 306.0 329.0 437.6368408203125 C 558.0479125976562 306.0 444.84033203125 76.95205688476562 329.0 218.24200439453125 
137.0 335.0 0.4900000000000002 -16777216 -8257536 M 182.99600219726562 248.76637268066406 L 49.32673263549805 343.6199035644531 L 178.67723083496094 412.6138916015625 L 182.99600219726562 248.76637268066406 
342.0 274.0 2.3449999999999998 -16777216 -16776961 M 395.1484375 284.0122985839844 L 330.8003845214844 221.08900451660156 L 267.8770446777344 285.43719482421875 L 395.1484375 284.0122985839844 
